individual	chr16:75235986:75236882:cluster7824	chr16:75235986:75242470:cluster7824	chr16:75237344:75242434:cluster7824	chr16:75237344:75242470:cluster7824
GTEX-14XAO	161	23	36	68
GTEX-139TU	152	18	0	161
GTEX-UPJH	76	8	0	73
GTEX-147F3	89	11	0	89
GTEX-YEC4	193	16	0	172
GTEX-YB5E	203	24	0	164
GTEX-ZYT6	91	12	0	75
GTEX-1KD4Q	168	15	0	148
GTEX-12WSM	55	7	0	55
GTEX-13X6I	108	11	0	116
GTEX-14PJO	77	11	0	65
GTEX-WHPG	194	18	0	172
GTEX-1AX8Z	119	11	0	105
GTEX-1KXAM	312	39	0	274
GTEX-11EQ9	176	17	0	170
GTEX-13W46	181	13	0	161
GTEX-16MTA	274	32	0	266
GTEX-ZQG8	178	12	0	157
GTEX-1F88E	105	14	0	89
GTEX-139T4	96	9	0	77
GTEX-1GN1V	65	4	0	52
GTEX-XBED	471	39	0	421
GTEX-14BMV	36	4	0	31
GTEX-XPT6	191	13	0	165
GTEX-146FR	207	22	0	200
GTEX-14JG6	154	20	0	136
GTEX-X4XX	270	20	0	249
GTEX-1RQEC	88	5	0	76
GTEX-14PQA	148	18	0	138
GTEX-S33H	144	9	0	127
GTEX-1122O	131	11	0	127
GTEX-15SHU	88	9	0	78
GTEX-11TTK	122	8	0	97
GTEX-TMZS	39	3	0	32
GTEX-14753	102	9	0	84
GTEX-14DAR	194	19	0	174
GTEX-11EMC	102	10	0	80
GTEX-1PPGY	114	10	0	98
GTEX-13RTK	179	18	0	178
GTEX-ZXG5	166	13	0	135
GTEX-1F75B	272	21	0	230
GTEX-14PJN	109	13	0	102
GTEX-147F4	51	4	0	42
GTEX-1AX9K	182	12	0	174
GTEX-XQ3S	65	7	0	50
GTEX-XBEW	217	16	0	201
GTEX-13X6J	101	6	0	92
GTEX-1S83E	276	31	0	218
GTEX-18A6Q	78	6	0	72
GTEX-1MCYP	324	28	0	310
GTEX-1F5PL	181	20	0	153
GTEX-WK11	110	9	0	98
GTEX-1GPI7	233	19	0	228
GTEX-1GN1W	186	16	0	164
GTEX-Y8DK	133	10	0	118
GTEX-12C56	155	12	0	127
GTEX-1211K	161	18	0	150
GTEX-TSE9	103	11	0	93
GTEX-W5WG	193	12	0	178
GTEX-TMMY	499	55	0	524
GTEX-13O3O	108	9	0	95
GTEX-18D9A	362	44	0	293
GTEX-1LH75	138	16	0	113
GTEX-ZF2S	185	14	0	169
GTEX-ZV6S	348	38	0	345
GTEX-1B97J	209	28	0	187
GTEX-131XF	113	13	0	113
GTEX-1F75A	97	14	0	91
GTEX-139UW	264	29	0	255
GTEX-1B97I	168	16	0	176
GTEX-1A3MX	252	28	0	236
GTEX-1FIGZ	190	15	0	187
GTEX-15RIG	215	23	0	200
GTEX-1E1VI	48	4	0	52
GTEX-11ZVC	75	7	0	62
GTEX-1339X	358	33	0	314
GTEX-13RTL	78	9	0	76
GTEX-PWCY	162	16	0	135
GTEX-Y111	84	5	0	79
GTEX-14BIL	144	9	0	130
GTEX-1A3MW	147	11	0	141
GTEX-X261	364	26	0	350
GTEX-YEC3	195	19	0	188
GTEX-1AMFI	293	28	0	299
GTEX-11ZU8	116	9	0	118
GTEX-1R9PM	161	18	0	143
GTEX-1192X	143	10	0	138
GTEX-1LSNM	242	24	0	204
GTEX-15D79	86	6	0	73
GTEX-1EU9M	113	15	0	101
GTEX-U3ZN	317	27	0	281
GTEX-11ZTS	42	3	0	40
GTEX-16BQI	195	22	0	163
GTEX-16MT8	167	13	0	133
GTEX-1F6IF	77	10	0	76
GTEX-ZWKS	145	16	0	130
GTEX-1AX9J	185	23	0	148
GTEX-YJ8O	36	3	0	39
GTEX-1QEPI	114	10	0	112
GTEX-17KNJ	106	9	0	96
GTEX-1ICLZ	76	10	0	71
GTEX-XPVG	185	23	0	191
GTEX-14E6D	98	12	0	103
GTEX-1S82Y	122	9	0	109
GTEX-18A66	176	13	0	153
GTEX-ZTPG	144	10	0	129
GTEX-13SLW	94	6	0	89
GTEX-15CHR	217	14	0	188
GTEX-132Q8	175	21	0	176
GTEX-11TT1	294	30	0	266
GTEX-1RQED	53	5	0	55
GTEX-1E2YA	80	8	0	71
GTEX-1IDJE	132	15	0	106
GTEX-144GM	288	35	0	237
GTEX-16XZZ	200	22	0	165
GTEX-1K2DU	430	43	0	422
GTEX-14PII	127	12	0	125
GTEX-13OW6	63	7	0	54
GTEX-ZPCL	135	13	0	136
GTEX-WOFM	154	21	0	156
GTEX-T6MN	33	2	0	28
GTEX-18465	79	5	0	73
GTEX-1128S	188	18	0	172
GTEX-1JN1M	144	19	0	149
GTEX-147JS	53	7	0	56
GTEX-R55C	115	7	0	104
GTEX-14PJ6	164	19	0	138
GTEX-1GF9U	115	8	0	97
GTEX-OXRL	151	13	0	142
GTEX-11NSD	156	11	0	147
GTEX-14PJM	51	6	0	39
GTEX-1EH9U	180	18	0	148
GTEX-1445S	227	21	0	179
GTEX-1MA7W	217	29	0	219
GTEX-1BAJH	72	5	0	66
GTEX-11ONC	101	8	0	94
GTEX-13QIC	66	6	0	57
GTEX-11I78	277	38	0	278
GTEX-1CAMQ	107	14	0	108
GTEX-144FL	137	17	0	111
GTEX-ZA64	177	13	0	150
GTEX-11XUK	114	9	0	103
GTEX-1JJ6O	169	14	0	163
GTEX-12ZZX	115	9	0	104
GTEX-YECK	49	6	0	48
GTEX-ZZPU	194	18	0	160
GTEX-13D11	226	21	0	169
GTEX-15DZA	299	29	0	254
GTEX-1B8SF	81	6	0	75
GTEX-17EVP	84	10	0	82
GTEX-15DCD	103	13	0	83
GTEX-SE5C	148	19	0	125
GTEX-1399S	260	24	0	238
GTEX-11O72	154	15	0	154
GTEX-1B932	173	16	0	178
GTEX-TKQ2	128	11	0	108
GTEX-14DAQ	85	10	0	77
GTEX-1GF9V	119	7	0	103
GTEX-1RAZQ	166	16	0	175
GTEX-U3ZH	251	19	0	213
GTEX-1JKYR	113	10	0	117
GTEX-1477Z	82	5	0	71
GTEX-111CU	271	26	0	273
GTEX-1CB4J	133	16	0	110
GTEX-ZVE2	187	15	0	183
GTEX-17HHY	60	6	0	57
GTEX-Z9EW	124	12	0	110
GTEX-ZVT3	41	2	0	35
