individual	chr21:46126237:46126503:cluster13435	chr21:46126297:46126503:cluster13435	chr21:46126541:46129196:cluster13435	chr21:46126541:46131954:cluster13435
GTEX-139TS	200	56	72	171
GTEX-1IDJC	467	0	96	308
GTEX-13OVL	565	0	96	406
GTEX-UPJH	122	0	27	81
GTEX-QEG4	179	0	34	115
GTEX-R55E	218	0	42	160
GTEX-147F3	579	0	107	366
GTEX-YB5E	247	0	53	187
GTEX-1QW4Y	528	0	101	400
GTEX-Y8E4	326	0	60	225
GTEX-12WSM	360	0	69	254
GTEX-15EO6	199	0	34	134
GTEX-13X6I	707	0	152	478
GTEX-1CAMR	133	0	26	94
GTEX-14A6H	407	0	84	306
GTEX-11EQ9	232	0	47	147
GTEX-13W46	297	0	54	195
GTEX-13OW5	157	0	28	120
GTEX-16MTA	119	0	20	84
GTEX-139T4	1093	0	225	770
GTEX-1K9T9	269	0	49	194
GTEX-13NZA	288	0	51	206
GTEX-1C475	337	0	71	240
GTEX-146FR	236	0	44	160
GTEX-1B8KE	72	0	14	55
GTEX-ZVT2	177	0	31	129
GTEX-X4XX	430	0	81	316
GTEX-1C64N	215	0	48	166
GTEX-16YQH	432	0	93	325
GTEX-S33H	398	0	74	275
GTEX-SIU8	217	0	42	155
GTEX-13S7M	325	0	59	218
GTEX-ZAB5	380	0	82	274
GTEX-1LB8K	244	0	55	169
GTEX-15SHU	221	0	47	166
GTEX-11TTK	291	0	57	226
GTEX-T5JW	279	0	61	219
GTEX-14753	108	0	26	83
GTEX-11DXX	363	0	83	245
GTEX-13PL6	327	0	67	223
GTEX-13FTX	131	0	26	92
GTEX-14DAR	145	0	25	94
GTEX-15UF6	179	0	35	115
GTEX-11EMC	220	0	51	171
GTEX-X4XY	474	0	102	348
GTEX-113JC	400	0	83	313
GTEX-13CF2	569	0	105	426
GTEX-13RTK	134	0	28	88
GTEX-ZXG5	241	0	53	161
GTEX-1F75B	218	0	41	144
GTEX-1QP6S	377	0	84	262
GTEX-11NUK	256	0	60	180
GTEX-1B933	346	0	70	239
GTEX-WZTO	320	0	65	228
GTEX-1GZ2Q	425	0	85	268
GTEX-12ZZY	297	0	57	213
GTEX-XQ3S	207	0	39	161
GTEX-1GMR3	210	0	40	154
GTEX-XUZC	162	0	33	112
GTEX-145LU	358	0	74	258
GTEX-111FC	322	0	54	228
GTEX-1KD5A	359	0	85	263
GTEX-1S83E	272	0	61	206
GTEX-ZDYS	368	0	82	245
GTEX-ZLV1	215	0	45	161
GTEX-1NUQO	150	0	36	106
GTEX-ZUA1	459	0	77	308
GTEX-13FTZ	378	0	75	260
GTEX-1LGOU	168	0	40	125
GTEX-1I4MK	244	0	47	175
GTEX-169BO	207	0	34	133
GTEX-11EM3	253	0	49	155
GTEX-131XG	139	0	32	104
GTEX-13FTY	1093	0	239	796
GTEX-16NPX	495	0	96	332
GTEX-1PPH7	188	0	41	128
GTEX-1F5PL	440	0	93	309
GTEX-WK11	492	0	98	374
GTEX-1GN1W	221	0	52	155
GTEX-1S82P	148	0	24	106
GTEX-Y8DK	450	0	85	343
GTEX-12C56	332	0	66	235
GTEX-TSE9	162	0	29	110
GTEX-ZYFG	156	0	27	96
GTEX-1ICG6	199	0	48	141
GTEX-PLZ5	88	0	16	63
GTEX-13O3O	390	0	88	274
GTEX-SN8G	244	0	55	172
GTEX-1C2JI	251	0	54	176
GTEX-18D9A	190	0	41	139
GTEX-QEL4	54	0	11	31
GTEX-WEY5	345	0	79	266
GTEX-1QP9N	90	0	17	65
GTEX-146FQ	800	0	182	547
GTEX-XGQ4	146	0	25	107
GTEX-RNOR	205	0	35	138
GTEX-1B97I	355	0	73	228
GTEX-1A3MX	373	0	75	280
GTEX-QEG5	366	0	60	247
GTEX-1339X	158	0	30	106
GTEX-13RTL	1043	0	206	680
GTEX-ZZ64	473	0	108	316
GTEX-1C6VR	825	0	156	610
GTEX-ZV68	151	0	35	100
GTEX-1P4AB	368	0	66	234
GTEX-ZF3C	190	0	41	140
GTEX-PWCY	115	0	20	80
GTEX-Y111	327	0	62	248
GTEX-1A3MW	300	0	59	227
GTEX-X261	116	0	25	75
GTEX-Y3I4	185	0	36	125
GTEX-1269C	223	0	45	176
GTEX-O5YT	205	0	44	150
GTEX-1AMFI	208	0	45	145
GTEX-1EU9M	854	0	152	584
GTEX-11ZTS	168	0	39	122
GTEX-T2IS	395	0	81	255
GTEX-16BQI	240	0	46	153
GTEX-117YW	259	0	60	181
GTEX-111VG	351	0	63	246
GTEX-Q2AG	128	0	26	88
GTEX-YJ8O	231	0	47	176
GTEX-1EWIQ	655	0	129	470
GTEX-Y5LM	310	0	52	213
GTEX-17KNJ	280	0	49	186
GTEX-1A8FM	932	0	162	661
GTEX-15RIF	242	0	52	169
GTEX-1JN6P	187	0	38	129
GTEX-P4PQ	299	0	67	199
GTEX-1IDJF	233	0	39	164
GTEX-183WM	508	0	110	344
GTEX-18A66	126	0	29	94
GTEX-1QAET	415	0	78	304
GTEX-1RB15	170	0	35	131
GTEX-ZTPG	340	0	59	229
GTEX-16GPK	313	0	62	238
GTEX-1PIEJ	296	0	65	205
GTEX-11TT1	91	0	21	68
GTEX-WHSB	283	0	48	201
GTEX-WOFL	1236	0	227	851
GTEX-1RQED	417	0	77	271
GTEX-ZAK1	305	0	63	198
GTEX-1PBJJ	216	0	44	157
GTEX-13OW8	363	0	65	254
GTEX-145MH	307	0	55	223
GTEX-16XZY	328	0	61	238
GTEX-11GSP	372	0	71	260
GTEX-16XZZ	588	0	122	412
GTEX-1K2DU	246	0	47	176
GTEX-ZPCL	181	0	35	134
GTEX-1LG7Z	698	0	127	474
GTEX-1R7EU	1022	0	235	769
GTEX-U3ZM	182	0	37	120
GTEX-1A8G6	667	0	140	484
GTEX-15SHV	156	0	36	108
GTEX-13PLJ	430	0	80	324
GTEX-18465	203	0	40	131
GTEX-14PJ2	256	0	45	171
GTEX-1128S	330	0	57	224
GTEX-1JN1M	252	0	50	174
GTEX-147JS	457	0	82	298
GTEX-15SB6	151	0	33	109
GTEX-144GL	512	0	92	375
GTEX-11NSD	123	0	28	84
GTEX-117XS	304	0	55	218
GTEX-1MA7W	251	0	52	167
GTEX-11ONC	317	0	70	214
GTEX-VUSG	643	0	130	439
GTEX-12WSL	282	0	52	212
GTEX-12KS4	248	0	51	164
GTEX-1GPI6	278	0	54	175
GTEX-Z93S	319	0	58	243
GTEX-1GN1U	223	0	39	155
GTEX-1CAMQ	161	0	34	110
GTEX-XMD2	309	0	63	222
GTEX-144FL	858	0	190	579
GTEX-13QJ3	352	0	63	249
GTEX-17JCI	450	0	89	314
GTEX-REY6	317	0	75	224
GTEX-1JJ6O	190	0	42	129
GTEX-13OVK	157	0	34	107
GTEX-Y8LW	558	0	129	412
GTEX-1F88F	524	0	99	368
GTEX-1JMQK	199	0	37	122
GTEX-ZP4G	193	0	45	139
GTEX-ZGAY	118	0	27	85
GTEX-14C39	254	0	45	187
GTEX-ZVT4	376	0	72	274
GTEX-1R9K5	1633	0	284	1170
GTEX-12WSF	236	0	55	161
GTEX-15DCD	587	0	133	391
GTEX-QESD	158	0	36	125
GTEX-P4QT	203	0	34	135
GTEX-1A8G7	420	0	88	305
GTEX-WFG7	111	0	24	73
GTEX-ZEX8	554	0	122	366
GTEX-WL46	631	0	145	433
GTEX-15RIE	159	0	26	115
GTEX-PX3G	138	0	28	92
GTEX-13FHO	236	0	54	172
GTEX-146FH	221	0	46	157
GTEX-RUSQ	92	0	18	56
GTEX-1ICLY	265	0	56	171
GTEX-YFC4	262	0	49	170
GTEX-1JKYR	189	0	37	132
GTEX-Y5V6	157	0	38	118
GTEX-111CU	148	0	24	102
GTEX-XAJ8	280	0	57	183
GTEX-15UKP	176	0	32	124
GTEX-17F97	253	0	53	172
GTEX-PSDG	277	0	45	191
GTEX-13PVQ	231	0	51	174
GTEX-Z9EW	131	0	30	91
GTEX-S95S	163	0	34	116
GTEX-1QP28	120	0	27	95
GTEX-13OW7	572	0	104	380
