individual	chr16:1944893:1945499:cluster59591	chr16:1944893:1945835:cluster59591	chr16:1945618:1945835:cluster59591
GTEX-13PVR	347	330	352
GTEX-132NY	1680	0	1572
GTEX-13OVL	1493	0	1375
GTEX-139TU	1369	0	1286
GTEX-ZYY3	655	1	582
GTEX-UPJH	948	0	830
GTEX-11P82	900	0	789
GTEX-14JIY	1810	0	1637
GTEX-R55E	1193	0	1097
GTEX-ZYT6	1469	2	1397
GTEX-1QW4Y	1516	0	1370
GTEX-Y8E4	1173	0	1038
GTEX-1KD4Q	2086	0	1920
GTEX-12WSM	1102	1	989
GTEX-13X6I	571	0	501
GTEX-14PJO	927	0	849
GTEX-14A6H	845	0	784
GTEX-13PL7	482	0	428
GTEX-11EQ9	594	0	551
GTEX-13OW5	1063	0	996
GTEX-16MTA	1076	0	992
GTEX-U3ZG	2199	0	1976
GTEX-13NZA	1746	0	1552
GTEX-1GN1V	2222	1	1972
GTEX-14C38	783	0	702
GTEX-14BMV	1289	2	1204
GTEX-XPT6	1159	0	1036
GTEX-U4B1	779	0	694
GTEX-ZVT2	904	0	843
GTEX-1KANA	1389	0	1255
GTEX-1RQEC	3306	0	3038
GTEX-1S5VW	3091	0	2760
GTEX-1C64N	1489	2	1296
GTEX-16YQH	2315	0	2078
GTEX-S33H	2109	0	1978
GTEX-ZPIC	954	0	909
GTEX-1122O	452	0	394
GTEX-1LB8K	2717	0	2445
GTEX-15SHU	1660	0	1557
GTEX-17MFQ	489	1	442
GTEX-TMZS	910	0	861
GTEX-1LC47	598	0	555
GTEX-14753	802	0	743
GTEX-11DXX	1129	0	1081
GTEX-1MJK3	726	0	680
GTEX-13PL6	1630	0	1439
GTEX-15UF6	893	0	859
GTEX-ZDXO	636	0	574
GTEX-1I6K7	1244	0	1096
GTEX-131XW	1364	0	1244
GTEX-11EMC	872	0	760
GTEX-X4XY	973	0	894
GTEX-15UF7	589	0	529
GTEX-113JC	1237	0	1112
GTEX-13CF2	1737	1	1601
GTEX-13RTK	648	0	574
GTEX-ZXG5	1507	0	1406
GTEX-1CB4H	664	0	636
GTEX-1C6VQ	1287	1	1206
GTEX-14PJ4	678	0	650
GTEX-1OFPY	812	0	721
GTEX-1QP6S	2771	0	2557
GTEX-131YS	1684	0	1569
GTEX-14PJN	811	0	721
GTEX-12696	1253	0	1152
GTEX-13W3W	1357	0	1179
GTEX-1B933	1270	1	1176
GTEX-XUW1	591	0	556
GTEX-1313W	2449	0	2227
GTEX-1GMR3	1656	1	1520
GTEX-1C6WA	2460	0	2214
GTEX-18A7B	1528	0	1360
GTEX-R53T	889	0	850
GTEX-111FC	1371	1	1191
GTEX-13X6J	2535	0	2219
GTEX-1LNCM	1527	0	1415
GTEX-1LSNL	1661	0	1486
GTEX-1S83E	1480	2	1434
GTEX-ZLV1	725	0	684
GTEX-18A6Q	2370	1	2297
GTEX-13FTZ	1592	0	1436
GTEX-1LGOU	1515	0	1447
GTEX-1I4MK	910	0	815
GTEX-X8HC	975	0	847
GTEX-169BO	882	0	789
GTEX-1MCYP	1301	1	1241
GTEX-131XG	1607	1	1381
GTEX-1JMQJ	2359	4	2166
GTEX-16NPX	2098	0	1896
GTEX-15ETS	1298	2	1167
GTEX-1212Z	3647	0	3240
GTEX-1F5PL	1541	0	1361
GTEX-WK11	2363	0	2142
GTEX-Y8DK	1650	0	1553
GTEX-1QPFJ	613	0	556
GTEX-TSE9	1050	0	1005
GTEX-1ICG6	593	0	547
GTEX-1N2DW	2196	0	2006
GTEX-1C2JI	739	0	710
GTEX-1K2DA	2256	0	2008
GTEX-1LH75	1090	0	998
GTEX-T5JC	2796	0	2453
GTEX-ZF2S	1653	0	1474
GTEX-ZV6S	528	0	457
GTEX-WEY5	2406	2	2100
GTEX-1399T	1564	0	1450
GTEX-1QP9N	1294	0	1235
GTEX-11ZUS	1658	0	1476
GTEX-1B97J	1204	0	1094
GTEX-131XF	380	0	341
GTEX-1F75A	2349	1	2031
GTEX-P44G	669	0	618
GTEX-14LZ3	1275	0	1118
GTEX-13N2G	2371	1	2192
GTEX-146FQ	911	0	839
GTEX-XGQ4	656	0	573
GTEX-13G51	953	0	889
GTEX-1B97I	1195	0	1149
GTEX-1A3MX	1816	1	1748
GTEX-XOT4	2093	1	1920
GTEX-PLZ4	728	0	644
GTEX-11GSO	811	0	741
GTEX-1FIGZ	922	0	827
GTEX-WRHK	1248	0	1103
GTEX-1E1VI	843	0	774
GTEX-11ZVC	1712	0	1493
GTEX-1339X	549	0	529
GTEX-1C6VR	1145	0	1073
GTEX-11OF3	2084	2	1911
GTEX-1R46S	981	0	910
GTEX-ZV68	2015	0	1839
GTEX-1P4AB	503	0	463
GTEX-11UD2	2317	1	2052
GTEX-1KWVE	2647	1	2359
GTEX-1CB4F	671	0	633
GTEX-1M4P7	3364	0	3000
GTEX-PWCY	1747	1	1576
GTEX-18A67	1268	0	1137
GTEX-1A3MW	474	0	430
GTEX-YEC3	1040	0	904
GTEX-Y3I4	712	1	661
GTEX-11ZU8	951	0	880
GTEX-1R9PM	1237	0	1151
GTEX-1LVA9	2309	3	2197
GTEX-1192X	1173	0	1040
GTEX-1LSNM	1005	2	898
GTEX-1MUQO	676	0	643
GTEX-1EU9M	1700	0	1519
GTEX-145MO	1811	0	1638
GTEX-16BQI	2070	0	1958
GTEX-13N1W	1938	2	1662
GTEX-117YW	2103	1	1906
GTEX-111VG	1882	0	1667
GTEX-1F6IF	1312	0	1216
GTEX-ZWKS	415	0	382
GTEX-Q2AG	500	0	453
GTEX-1AX9J	1383	0	1330
GTEX-1F7RK	1904	1	1782
GTEX-1R9K4	2062	1	1847
GTEX-1QEPI	2291	0	2003
GTEX-ZC5H	466	0	403
GTEX-1EWIQ	2043	0	1807
GTEX-17KNJ	444	0	396
GTEX-1A8FM	1572	0	1466
GTEX-15RIF	2552	2	2291
GTEX-1M5QR	1313	1	1243
GTEX-XPVG	967	0	875
GTEX-V955	932	0	895
GTEX-1JN6P	2238	0	2144
GTEX-P4PQ	381	0	329
GTEX-1IDJF	742	0	666
GTEX-1GN73	2180	0	2006
GTEX-183WM	502	0	449
GTEX-11LCK	711	0	616
GTEX-RTLS	720	0	636
GTEX-14E6D	2044	0	1965
GTEX-XBEC	1451	1	1306
GTEX-15CHC	1229	0	1159
GTEX-13O21	575	1	522
GTEX-1QCLZ	1204	0	1084
GTEX-1RB15	1435	0	1336
GTEX-PLZ6	424	0	377
GTEX-1399U	853	0	772
GTEX-YB5K	1337	1	1256
GTEX-1PDJ9	2030	0	1766
GTEX-13SLW	416	0	397
GTEX-16GPK	1870	0	1739
GTEX-132Q8	914	0	811
GTEX-18A7A	2014	0	1827
GTEX-WHSB	1074	0	994
GTEX-WOFL	727	0	664
GTEX-ZAK1	1458	1	1407
GTEX-1GZ4I	1616	0	1509
GTEX-13OW8	1025	0	908
GTEX-145MH	1494	0	1356
GTEX-16XZY	537	0	497
GTEX-13X6H	574	0	508
GTEX-1F52S	539	0	505
GTEX-12WSG	952	1	866
GTEX-1F5PK	1803	0	1571
GTEX-1A3MV	587	0	558
GTEX-133LE	825	0	733
GTEX-X5EB	917	0	880
GTEX-1K2DU	1243	0	1163
GTEX-ZAB4	1190	0	1050
GTEX-14PII	978	2	900
GTEX-15ER7	5055	1	4788
GTEX-13OW6	1362	0	1236
GTEX-17HHE	1179	1	1076
GTEX-ZPCL	1167	0	1059
GTEX-1A8G6	2141	0	1993
GTEX-15SHV	2293	0	2202
GTEX-14PJ2	411	0	389
GTEX-RN64	1531	0	1383
GTEX-1GZHY	1833	0	1641
GTEX-1JN1M	1308	0	1255
GTEX-QVJO	195	0	173
GTEX-147JS	1634	1	1417
GTEX-15SB6	2362	0	2220
GTEX-13RTJ	763	0	685
GTEX-14PJ6	1020	0	952
GTEX-1MCQQ	2520	1	2311
GTEX-1GF9U	1804	1	1628
GTEX-OXRL	959	0	843
GTEX-1445S	1839	1	1711
GTEX-1MA7W	1713	0	1556
GTEX-15SKB	1808	0	1729
GTEX-U8XE	966	1	918
GTEX-1BAJH	1993	0	1790
GTEX-ZVZP	548	0	489
GTEX-11ONC	1469	0	1352
GTEX-WY7C	2488	0	2387
GTEX-14LLW	2295	0	2191
GTEX-13QIC	1435	0	1330
GTEX-11ZTT	884	1	846
GTEX-12KS4	1419	0	1313
GTEX-1GMR8	1399	0	1256
GTEX-1GPI6	2215	0	2036
GTEX-Z93S	2598	1	2300
GTEX-X4EO	2367	1	2082
GTEX-13111	928	1	796
GTEX-14H4A	1090	0	1048
GTEX-1CAMQ	1717	0	1539
GTEX-144FL	1021	0	936
GTEX-13QJ3	1797	1	1622
GTEX-14JG1	2048	0	1939
GTEX-ZA64	1058	0	975
GTEX-ZVE1	1302	0	1186
GTEX-17JCI	2683	0	2392
GTEX-1JJ6O	860	0	788
GTEX-13OVK	735	0	648
GTEX-WRHU	2010	0	1877
GTEX-Y8LW	1086	2	1002
GTEX-12ZZX	1175	0	1039
GTEX-YECK	2508	0	2197
GTEX-WHSE	1656	0	1483
GTEX-1F88F	3198	0	2816
GTEX-14XAO	379	0	355
GTEX-1GN2E	1517	1	1366
GTEX-1JMQK	765	0	704
GTEX-14E6E	1481	0	1390
GTEX-13D11	436	0	422
GTEX-15DZA	1093	0	1043
GTEX-ZGAY	1129	1	1053
GTEX-14C39	1020	0	895
GTEX-1B8SF	1476	0	1339
GTEX-17EVP	1727	0	1639
GTEX-1F48J	1589	0	1514
GTEX-12WSF	3018	0	2853
GTEX-1CB4I	543	0	511
GTEX-1R9JW	1304	0	1210
GTEX-15DCD	2056	1	1931
GTEX-1399S	531	0	459
GTEX-P4QT	644	0	586
GTEX-1A8G7	811	0	750
GTEX-1B932	1144	0	1034
GTEX-QDVJ	189	0	168
GTEX-14DAQ	2726	0	2469
GTEX-ZEX8	1066	0	953
GTEX-WL46	2894	0	2607
GTEX-15RIE	1119	0	1005
GTEX-1GF9V	1883	1	1779
GTEX-1RAZQ	2278	2	2171
GTEX-12WSN	980	1	844
GTEX-1R7EV	959	1	897
GTEX-U3ZH	719	0	636
GTEX-YFC4	1980	0	1809
GTEX-14BIM	1942	0	1810
GTEX-17F98	816	0	777
GTEX-Y5V6	545	0	520
GTEX-111CU	668	0	592
GTEX-PW2O	389	0	340
GTEX-XAJ8	1275	2	1224
GTEX-17F97	1407	0	1284
GTEX-13NZB	1711	2	1650
GTEX-PSDG	921	0	836
GTEX-13PVQ	1449	0	1321
GTEX-Z9EW	831	1	745
GTEX-1QP67	887	0	832
GTEX-ZVT3	1983	0	1763
GTEX-1QP28	794	0	756
GTEX-XV7Q	1117	0	1032
GTEX-13OW7	2315	1	2210
