individual	chr3:47877523:47891024:cluster48677	chr3:47877523:47902950:cluster48677	chr3:47877523:47909038:cluster48677	chr3:47877523:47914817:cluster48677	chr3:47877523:47915951:cluster48677	chr3:47903000:47909038:cluster48677	chr3:47912421:47914817:cluster48677	chr3:47912421:47915951:cluster48677	chr3:47914939:47915951:cluster48677	chr3:47916541:47918719:cluster48677	chr3:47917165:47918719:cluster48677	chr3:47917174:47918719:cluster48677	chr3:47917174:47921765:cluster48677	chr3:47917174:47928228:cluster48677	chr3:47918841:47921765:cluster48677	chr3:47918841:47928228:cluster48677	chr3:47921878:47928228:cluster48677
GTEX-QDVJ	4	73	1023	23	19	97	240	120	200	3	0	244	55	0	264	5	351
GTEX-1IDJC	0	45	995	76	0	46	595	0	488	2	0	428	95	0	511	7	526
GTEX-132NY	1	45	679	51	0	48	395	0	249	0	0	191	27	0	273	2	306
GTEX-13OVL	1	50	812	44	0	51	337	0	258	0	0	213	23	0	252	2	324
GTEX-139TU	3	48	1125	29	0	54	687	0	476	2	0	396	68	3	515	11	566
GTEX-QEG4	0	37	609	31	0	23	327	0	215	0	0	203	23	0	207	0	256
GTEX-14JIY	3	70	857	38	0	64	469	0	369	1	0	277	31	0	335	2	387
GTEX-R55E	0	50	803	25	0	55	421	0	341	0	0	249	9	0	310	2	318
GTEX-147F3	0	20	337	29	0	20	142	0	117	0	0	96	22	0	129	1	115
GTEX-YB5E	1	65	772	35	1	70	445	0	319	3	0	241	62	0	335	5	365
GTEX-SUCS	0	35	831	46	0	46	405	0	413	0	0	281	51	1	263	6	343
GTEX-ZYT6	0	47	806	25	0	61	487	0	393	0	0	278	51	1	339	7	388
GTEX-1QW4Y	0	40	1011	28	0	56	502	0	321	0	0	281	45	3	351	8	379
GTEX-Y8E4	2	34	1327	46	0	40	781	0	519	3	1	407	69	0	434	1	488
GTEX-1KD4Q	0	29	736	28	0	48	358	0	293	0	0	247	29	0	255	0	303
GTEX-12WSM	0	24	351	28	0	15	151	0	108	0	0	85	10	0	114	0	115
GTEX-YF7O	1	26	611	55	0	42	391	0	275	0	0	200	37	0	293	5	318
GTEX-1QMI2	0	54	807	32	0	60	399	0	287	0	0	288	26	1	292	3	339
GTEX-WHPG	1	67	1310	56	0	74	735	0	607	4	0	439	73	0	522	2	584
GTEX-14A6H	0	97	1240	53	0	89	692	0	524	1	0	435	113	3	453	7	600
GTEX-13PL7	0	45	762	22	0	63	339	0	239	0	0	175	36	1	201	5	211
GTEX-11EQ9	0	52	721	32	0	40	443	0	355	2	1	240	79	2	270	4	334
GTEX-13OVJ	0	53	745	26	0	49	378	0	276	0	0	180	27	0	224	1	234
GTEX-16MTA	3	47	1130	20	0	58	565	0	455	3	0	315	70	1	345	2	402
GTEX-13NZA	0	34	732	21	0	66	312	0	242	0	0	169	27	0	218	2	248
GTEX-14C38	1	32	349	37	0	38	181	0	174	0	0	140	25	0	141	2	180
GTEX-XBED	1	17	558	28	0	16	331	0	267	1	0	191	40	0	216	4	289
GTEX-ZF28	3	29	951	51	0	32	564	0	396	0	1	332	58	0	385	5	440
GTEX-U4B1	1	16	672	26	0	17	360	0	299	1	0	271	42	3	289	7	281
GTEX-1F75W	1	37	599	29	0	41	246	0	231	0	0	162	15	0	180	0	162
GTEX-ZVT2	0	21	931	29	0	27	476	0	379	4	0	234	61	1	316	4	409
GTEX-14JG6	1	14	538	18	0	16	280	0	201	1	0	181	24	2	187	2	174
GTEX-1KANA	0	50	661	22	0	52	366	0	297	0	0	224	28	0	238	2	303
GTEX-1RQEC	0	67	836	59	0	76	448	0	405	1	0	322	25	1	324	0	357
GTEX-Y5V5	6	91	2112	66	0	115	1113	0	673	2	3	591	98	3	711	2	759
GTEX-1S5VW	0	73	1387	27	0	69	590	0	454	0	0	437	50	1	374	4	449
GTEX-1C64N	0	88	1037	35	0	96	576	0	389	1	0	277	37	2	340	1	357
GTEX-16YQH	0	31	789	42	0	26	329	0	230	0	0	196	28	0	236	2	262
GTEX-S33H	1	21	1021	41	0	22	436	0	347	1	0	332	64	3	356	7	456
GTEX-13JVG	0	39	508	31	0	39	242	0	196	0	0	148	20	0	177	0	182
GTEX-ZPIC	0	43	533	35	1	40	249	0	301	0	0	197	34	0	192	1	264
GTEX-SIU8	0	16	501	26	0	31	214	0	191	0	0	146	7	0	160	2	177
GTEX-P78B	2	89	1019	12	0	96	529	0	355	0	0	304	43	0	337	2	402
GTEX-1122O	0	26	734	24	0	22	390	0	234	1	0	208	62	1	242	7	296
GTEX-1LB8K	0	43	627	15	0	54	318	0	236	1	0	199	43	0	246	3	268
GTEX-15SHU	0	66	746	24	0	71	431	0	336	0	0	311	41	0	317	5	364
GTEX-1LC47	1	43	772	79	1	42	379	0	319	0	0	281	39	0	321	9	349
GTEX-14753	0	26	872	12	0	30	379	0	279	0	0	226	47	0	308	3	336
GTEX-11DXX	0	22	781	50	0	33	499	0	379	2	0	314	57	3	343	9	427
GTEX-139T6	0	40	940	28	0	48	551	0	384	2	0	334	71	0	348	4	443
GTEX-1MJK3	2	35	590	34	0	27	292	0	300	6	0	236	56	0	237	3	324
GTEX-13FTX	1	43	865	30	0	62	430	0	335	4	0	243	73	2	308	2	314
GTEX-14DAR	0	22	483	18	0	21	253	0	226	0	0	142	25	1	154	4	181
GTEX-RWS6	0	44	980	49	0	52	440	0	346	2	1	295	32	0	272	0	318
GTEX-ZDXO	0	38	746	33	0	37	330	0	283	0	0	228	25	2	273	5	299
GTEX-131XW	2	42	520	33	0	35	400	0	224	0	0	221	38	0	237	4	276
GTEX-11EMC	0	35	834	43	0	38	409	0	236	1	0	219	39	0	257	2	278
GTEX-1399R	0	46	805	13	0	52	453	0	352	1	0	273	53	3	322	2	342
GTEX-X4XY	2	24	496	31	0	30	170	0	180	1	0	135	29	0	140	1	169
GTEX-15UF7	2	39	1082	85	0	47	563	0	490	3	0	352	85	0	399	7	501
GTEX-113JC	0	40	464	28	0	44	223	0	179	2	0	117	12	1	140	0	159
GTEX-P4PP	2	90	916	65	0	98	509	0	386	1	0	334	64	0	368	6	368
GTEX-1PPGY	0	46	806	32	0	53	446	0	321	0	0	328	58	0	341	1	384
GTEX-13CF2	0	31	591	45	0	30	236	0	180	0	0	159	17	0	175	0	192
GTEX-13RTK	2	50	839	15	0	52	455	0	335	2	0	264	62	4	269	11	304
GTEX-ZXG5	0	65	964	38	1	68	509	0	369	1	2	295	56	0	319	5	402
GTEX-PWN1	0	21	427	26	0	14	213	0	174	1	0	124	16	2	166	0	149
GTEX-1F75B	1	27	882	23	0	34	360	0	275	0	1	267	29	0	263	3	319
GTEX-1QP6S	0	17	698	24	0	25	347	0	313	0	0	227	31	0	223	3	281
GTEX-11NUK	0	37	624	23	0	46	316	0	243	1	0	202	34	0	213	1	252
GTEX-131YS	1	39	731	26	0	47	399	0	332	0	0	231	44	1	316	2	296
GTEX-14PJN	0	36	546	29	0	28	293	0	191	0	0	142	29	3	192	2	208
GTEX-XQ8I	0	28	406	12	0	18	236	0	176	1	0	129	27	4	144	4	173
GTEX-147F4	0	24	705	31	0	27	310	0	243	0	0	186	26	0	195	3	250
GTEX-QV31	0	16	450	20	0	26	193	0	129	0	0	137	24	1	166	0	183
GTEX-1B933	0	59	728	51	0	47	439	0	409	0	0	310	35	0	303	2	333
GTEX-WZTO	0	40	939	57	0	47	415	0	309	0	0	231	36	0	292	2	302
GTEX-1313W	0	37	710	36	0	35	392	0	283	0	1	230	32	1	253	4	306
GTEX-12ZZY	0	41	584	24	0	42	359	0	260	2	0	198	30	0	222	2	278
GTEX-XQ3S	0	38	516	12	0	32	255	0	204	0	0	145	23	0	185	1	211
GTEX-1GMR3	0	42	872	25	0	42	399	0	293	0	0	301	27	1	324	4	353
GTEX-1JKYN	1	21	443	7	0	31	229	0	183	0	0	131	24	0	127	3	140
GTEX-18A7B	1	28	975	86	0	37	553	0	392	1	0	374	60	2	397	4	458
GTEX-145LU	0	32	617	23	0	37	272	0	207	0	0	164	10	0	178	5	214
GTEX-13X6J	0	40	663	39	0	48	416	0	256	1	0	232	40	0	238	7	272
GTEX-1LNCM	0	26	430	14	0	30	200	0	142	1	0	101	11	0	114	1	136
GTEX-1KD5A	1	56	1256	39	0	57	722	0	529	0	0	441	45	0	586	3	581
GTEX-1LSNL	0	38	448	18	0	40	213	0	180	0	0	154	20	0	159	1	177
GTEX-1S83E	2	63	1254	40	0	76	716	0	579	8	0	420	108	5	526	7	683
GTEX-UTHO	0	57	1535	38	0	86	624	0	598	0	0	403	83	3	422	24	611
GTEX-ZLV1	0	80	818	37	0	70	439	0	420	0	0	272	37	1	337	3	344
GTEX-1NUQO	2	34	753	28	0	31	400	0	387	0	2	259	46	1	261	3	386
GTEX-ZUA1	0	43	593	49	0	55	406	0	315	0	0	202	38	0	290	4	315
GTEX-1GF9W	0	17	374	16	0	26	154	0	111	1	0	114	11	0	95	1	120
GTEX-18A6Q	1	28	866	73	0	57	530	0	402	0	0	342	47	0	332	6	340
GTEX-13FTZ	0	42	520	41	0	51	267	0	194	0	0	143	32	2	189	3	224
GTEX-1LGOU	0	43	473	31	0	57	251	0	206	2	0	137	25	0	154	3	219
GTEX-131XG	1	28	630	20	0	31	434	0	283	2	0	188	61	2	234	3	319
GTEX-1JMQJ	0	52	810	26	0	50	350	0	259	0	0	282	28	0	243	0	360
GTEX-16NPX	2	41	889	30	0	39	530	0	409	1	0	315	38	0	350	3	341
GTEX-15ETS	2	97	1579	49	0	119	1053	0	801	6	0	609	129	2	679	14	822
GTEX-1212Z	1	41	687	33	0	40	401	0	274	2	0	257	38	2	251	5	272
GTEX-1F5PL	2	44	819	55	0	44	473	0	385	1	0	292	65	0	312	2	385
GTEX-WK11	0	64	1315	41	0	63	701	0	494	1	0	444	54	0	517	5	556
GTEX-1RAZR	0	103	1042	36	0	103	575	0	465	4	2	342	44	0	408	4	494
GTEX-1S82P	0	44	825	15	0	45	415	0	328	1	0	278	49	1	275	5	338
GTEX-Y8DK	1	41	994	49	0	39	674	0	482	0	0	393	64	0	443	2	537
GTEX-OHPL	2	33	1190	59	0	34	752	0	472	0	2	411	59	0	462	6	497
GTEX-12C56	0	48	1050	29	0	59	649	0	403	0	0	347	85	0	468	8	586
GTEX-TSE9	1	52	792	58	0	51	348	0	319	0	0	272	48	0	305	5	346
GTEX-ZYFG	0	53	780	41	0	69	426	0	265	1	0	237	78	3	297	3	420
GTEX-W5WG	1	28	633	41	0	39	329	0	219	0	0	209	17	0	225	2	273
GTEX-1N2DW	1	26	810	22	0	21	389	0	302	0	0	216	26	1	234	3	302
GTEX-PLZ5	1	65	1221	28	0	71	611	0	416	5	1	297	41	0	352	9	346
GTEX-13O3O	0	38	730	33	0	52	408	0	313	0	0	225	41	0	244	3	259
GTEX-SN8G	1	96	1276	67	0	108	503	0	588	0	0	362	92	0	390	2	630
GTEX-1K2DA	0	148	1767	109	0	165	866	0	748	8	0	628	147	9	698	14	849
GTEX-18D9A	1	77	1191	25	0	80	696	0	542	4	0	398	64	2	371	2	429
GTEX-1LH75	0	31	777	11	0	18	425	0	319	0	0	245	67	1	296	7	325
GTEX-ZF2S	0	71	892	42	1	70	555	0	504	0	0	324	57	3	439	4	505
GTEX-ZV6S	1	8	844	38	0	19	474	0	296	1	0	246	52	1	312	8	361
GTEX-14BMU	0	20	438	10	0	24	277	0	219	0	0	176	29	1	143	5	183
GTEX-1399T	1	64	630	24	0	62	388	0	271	1	0	176	34	0	226	1	235
GTEX-1QP9N	0	20	500	10	0	32	248	0	176	0	0	165	22	1	175	3	247
GTEX-11ZUS	1	37	654	15	0	38	358	0	259	0	2	189	26	0	215	0	280
GTEX-131XF	2	42	724	47	0	50	269	0	255	0	0	172	35	0	194	1	223
GTEX-1F75A	0	66	934	48	0	50	430	0	352	0	0	303	40	1	326	6	395
GTEX-P44G	1	16	574	37	0	19	283	0	222	0	0	218	32	1	243	2	291
GTEX-14LZ3	0	52	1069	22	0	68	575	0	372	0	0	299	41	1	346	8	369
GTEX-13O3Q	0	32	572	16	0	46	257	0	174	2	1	134	18	0	142	3	186
GTEX-139UW	1	21	563	55	0	26	246	0	211	0	0	158	31	0	160	1	195
GTEX-13N2G	0	49	1233	34	0	44	758	0	576	2	0	426	73	0	552	5	550
GTEX-146FQ	0	34	892	63	0	51	519	0	348	0	0	293	77	0	346	4	443
GTEX-13QBU	0	19	636	32	0	18	380	0	229	0	0	224	50	2	261	1	304
GTEX-XGQ4	0	18	484	18	0	14	216	0	174	0	0	146	26	0	192	4	177
GTEX-RNOR	0	65	851	27	0	63	548	0	466	0	3	317	42	0	375	6	437
GTEX-ZDTS	0	15	455	15	0	27	230	0	141	0	0	163	30	1	192	0	202
GTEX-R3RS	1	50	814	35	0	53	318	0	273	0	0	236	40	1	271	1	286
GTEX-1A3MX	1	47	599	65	0	57	321	0	255	0	0	196	26	2	229	4	235
GTEX-XOT4	1	41	700	29	0	51	420	0	308	0	0	270	23	0	332	4	332
GTEX-11GSO	0	36	668	14	0	31	308	0	228	2	0	198	57	0	231	0	292
GTEX-1FIGZ	0	17	619	29	0	21	390	0	272	1	0	250	39	0	260	3	294
GTEX-15RIG	2	45	725	11	0	45	409	0	250	2	0	215	49	2	239	2	330
GTEX-WRHK	0	29	1128	47	1	44	599	0	499	0	0	344	57	0	410	7	445
GTEX-13FTW	0	13	455	28	0	14	292	0	189	1	1	157	46	0	172	0	211
GTEX-QEG5	1	27	850	44	0	33	508	0	271	0	0	246	45	0	269	1	306
GTEX-11ZVC	0	76	1032	61	0	104	676	0	434	0	0	416	60	2	516	8	619
GTEX-1339X	0	19	339	28	0	17	180	0	147	0	0	109	15	0	117	1	133
GTEX-15G1A	0	79	1567	63	0	88	892	0	565	4	0	533	139	7	574	19	723
GTEX-1C6VR	0	59	780	42	0	55	418	0	359	1	0	278	31	0	314	5	361
GTEX-1JMQI	2	60	829	34	0	72	374	0	278	0	0	244	29	1	240	4	272
GTEX-11OF3	0	48	681	35	0	46	330	0	315	0	0	209	18	0	248	2	267
GTEX-11UD2	0	30	533	28	0	40	312	0	182	0	0	208	23	0	248	3	269
GTEX-1KWVE	0	34	739	31	0	39	394	0	270	0	0	292	39	0	305	8	351
GTEX-ZF3C	0	70	833	34	0	71	500	0	344	0	0	268	60	0	323	5	381
GTEX-PWCY	1	50	1157	28	0	57	623	0	420	2	0	354	47	1	391	4	464
GTEX-Y111	0	39	532	51	0	47	297	0	259	0	0	184	22	3	253	2	283
GTEX-14BIL	0	63	976	37	0	60	492	0	329	0	0	340	37	1	349	7	371
GTEX-SJXC	0	67	1193	47	0	85	588	0	632	0	0	441	27	0	540	3	530
GTEX-1GMRU	0	36	804	49	0	35	486	0	324	0	0	329	50	0	371	3	424
GTEX-1A3MW	2	20	534	52	0	28	324	0	276	0	0	210	23	0	251	3	262
GTEX-X261	0	35	664	29	0	31	319	0	270	0	0	189	42	2	207	1	241
GTEX-13FH7	2	33	515	33	0	42	300	0	243	1	0	215	43	0	224	4	297
GTEX-YEC3	2	71	1032	38	0	68	580	0	417	3	1	344	120	4	364	3	540
GTEX-Y3I4	1	30	700	22	0	45	385	0	301	1	0	190	43	0	221	7	231
GTEX-S32W	0	21	400	25	0	23	184	0	178	0	0	174	16	0	133	6	212
GTEX-18D9U	0	83	1360	44	0	74	933	0	611	7	0	535	149	4	599	8	702
GTEX-1LVA9	0	25	640	34	0	28	264	0	204	0	0	133	13	1	207	2	197
GTEX-1192X	0	29	940	20	0	28	447	0	305	0	0	260	45	0	323	3	314
GTEX-15D79	0	46	732	20	0	49	358	0	264	0	0	197	36	1	226	4	218
GTEX-1RAZA	0	58	1521	74	0	66	923	0	820	5	2	603	104	2	650	17	787
GTEX-13OVH	0	74	937	31	0	91	546	0	399	2	0	268	54	0	339	3	381
GTEX-1EU9M	0	44	996	69	0	36	523	0	358	0	0	336	40	0	345	4	343
GTEX-U3ZN	7	128	1734	96	0	141	716	0	801	9	0	512	79	2	667	7	769
GTEX-11ZTS	0	20	522	20	0	29	253	0	140	0	0	121	22	0	178	3	206
GTEX-WYVS	2	75	1197	42	0	85	473	0	335	0	0	273	45	0	302	3	392
GTEX-13N1W	0	17	576	31	0	28	321	0	232	0	0	211	29	0	185	1	260
GTEX-16MT8	0	114	1123	50	0	120	706	0	506	0	0	389	41	0	438	8	493
GTEX-111VG	0	62	719	20	0	57	466	0	339	0	0	277	67	0	308	3	375
GTEX-1F6IF	0	119	1499	60	0	136	635	0	507	1	1	467	55	1	546	4	617
GTEX-YJ8O	0	25	417	16	0	22	200	0	122	0	0	98	20	0	149	3	151
GTEX-15CHQ	0	38	768	54	0	44	376	0	271	1	0	251	38	0	290	4	295
GTEX-1A8FM	0	52	917	47	0	65	469	0	373	1	2	318	49	0	331	7	398
GTEX-V1D1	0	44	832	32	0	63	407	0	424	0	0	234	28	0	303	7	431
GTEX-15RIF	0	29	905	34	0	38	368	0	283	0	0	248	22	0	234	3	301
GTEX-1M5QR	1	56	1078	22	0	55	554	0	424	1	0	325	70	0	349	5	422
GTEX-1JN6P	0	34	667	22	0	35	336	0	242	0	0	241	37	0	244	1	248
GTEX-1AMEY	0	32	894	35	0	39	423	0	327	3	0	286	53	0	291	5	353
GTEX-1IDJF	0	88	1815	53	0	107	1012	0	627	5	0	569	164	6	579	7	771
GTEX-1GN73	0	70	947	65	0	88	616	0	448	2	0	352	87	0	415	2	471
GTEX-11LCK	0	18	439	27	0	19	224	0	176	0	0	149	25	2	143	2	177
GTEX-RTLS	0	57	764	31	0	48	343	0	244	0	0	216	45	0	219	3	250
GTEX-OXRP	0	25	328	11	0	25	202	0	154	0	0	132	18	2	114	2	151
GTEX-14E6D	0	51	745	40	0	52	495	0	321	3	0	284	63	3	360	3	421
GTEX-1S82Y	0	78	1291	46	0	85	720	0	615	1	0	434	74	2	534	5	643
GTEX-XBEC	0	31	526	24	0	43	201	0	183	0	0	132	22	0	165	0	175
GTEX-1QAET	0	61	747	26	0	69	400	0	377	1	0	276	45	1	286	2	355
GTEX-13O21	0	58	679	50	0	61	465	0	378	1	0	274	48	2	323	2	363
GTEX-1QCLZ	0	41	730	21	0	49	421	0	372	0	0	262	50	1	308	1	321
GTEX-1RB15	0	47	785	13	0	52	407	0	319	0	0	236	35	0	227	8	239
GTEX-1314G	1	47	1076	22	0	54	623	0	360	2	0	335	76	0	412	5	515
GTEX-PLZ6	0	40	505	23	0	50	277	0	176	2	0	149	21	0	193	0	183
GTEX-1399U	2	24	796	19	0	34	375	0	224	0	0	211	55	1	229	2	300
GTEX-16GPK	0	15	570	29	0	21	276	0	199	0	0	164	25	0	204	0	212
GTEX-1PIEJ	1	29	943	54	0	36	443	0	401	0	0	358	85	4	317	4	424
GTEX-15CHR	0	39	754	58	0	41	337	0	285	2	0	204	28	1	188	7	258
GTEX-13112	1	40	579	39	0	52	275	0	209	0	0	170	28	1	201	2	235
GTEX-18A7A	0	69	724	38	0	85	486	0	350	1	0	326	47	0	344	4	339
GTEX-ZAK1	0	26	471	23	0	26	231	0	136	0	0	133	18	0	158	3	151
GTEX-1GZ4I	0	77	1214	118	0	74	628	0	491	1	0	422	76	1	473	3	524
GTEX-1PBJJ	0	47	1033	27	0	55	462	0	422	0	0	305	63	0	323	2	384
GTEX-145MH	0	25	551	26	0	36	312	0	241	0	0	155	28	0	178	2	234
GTEX-1E2YA	0	55	921	25	0	68	592	0	356	0	0	304	57	0	377	2	455
GTEX-16XZY	0	64	964	28	0	58	496	0	344	0	0	290	31	0	351	4	386
GTEX-13X6H	0	14	528	40	0	13	271	0	175	0	0	127	26	0	193	0	212
GTEX-1F52S	0	55	952	37	0	63	610	0	463	0	0	345	93	4	400	14	497
GTEX-11GSP	0	17	434	35	0	25	220	0	198	0	0	113	16	0	162	1	190
GTEX-1A3MV	1	73	917	34	0	70	593	0	509	3	0	315	55	1	345	5	393
GTEX-144GM	2	42	1098	25	0	60	623	0	399	4	0	314	69	3	394	5	429
GTEX-1LVAM	0	22	860	25	0	28	425	0	306	0	0	248	22	0	292	1	305
GTEX-133LE	1	48	951	18	0	47	482	0	329	2	0	251	39	2	303	3	344
GTEX-1R9PO	0	69	793	42	0	80	365	0	303	0	0	250	36	0	285	3	317
GTEX-X5EB	0	10	482	15	0	17	248	0	180	0	0	155	37	0	155	0	204
GTEX-16XZZ	1	41	817	58	0	36	380	0	250	1	0	232	39	0	309	7	278
GTEX-O5YV	0	19	643	19	0	22	344	0	244	0	0	236	24	1	230	6	236
GTEX-14PII	0	26	843	43	0	30	433	0	360	4	0	235	44	0	283	3	309
GTEX-15ER7	1	125	2289	67	1	132	1083	0	850	1	1	803	93	0	846	10	859
GTEX-T8EM	0	77	1878	41	0	121	779	0	722	4	0	625	104	2	674	15	848
GTEX-13OW6	1	39	564	27	0	47	318	0	233	1	0	196	14	0	198	6	266
GTEX-ZPCL	0	31	1012	20	0	41	546	0	461	1	0	342	74	2	411	3	488
GTEX-1LG7Z	0	69	883	71	0	71	564	0	499	1	0	409	72	2	447	7	515
GTEX-WFON	1	48	1159	49	0	47	648	0	482	0	0	407	101	2	391	7	457
GTEX-13VXU	1	60	868	36	0	75	462	0	319	1	0	261	22	0	301	0	302
GTEX-SNMC	0	95	1267	34	0	82	460	0	465	1	0	341	38	4	355	9	459
GTEX-T6MN	0	20	359	16	0	21	187	0	112	0	0	123	15	0	139	0	158
GTEX-18465	0	47	724	25	0	63	331	0	221	0	0	196	30	0	222	4	244
GTEX-14PJ2	0	57	758	24	0	67	346	0	255	2	1	203	59	0	222	3	286
GTEX-1128S	0	38	788	48	0	38	360	0	239	0	0	192	39	0	206	3	248
GTEX-RN64	0	31	774	29	0	35	495	0	311	0	0	265	24	0	294	7	322
GTEX-1GZHY	0	30	646	19	0	34	320	0	238	0	0	229	27	0	234	2	257
GTEX-147JS	1	50	608	24	0	53	369	0	301	0	0	182	39	0	230	0	249
GTEX-15SB6	0	59	1763	28	0	99	1011	0	653	0	0	529	107	0	621	8	784
GTEX-QCQG	2	53	1035	22	0	54	615	0	480	2	0	427	110	0	438	7	543
GTEX-144GL	0	53	607	28	1	59	315	0	270	0	0	207	18	1	234	1	259
GTEX-14PJ6	2	69	1052	31	0	93	603	0	500	0	0	395	84	1	431	3	490
GTEX-1MCQQ	2	32	606	32	0	24	301	0	221	0	0	156	33	2	201	3	234
GTEX-OXRL	0	40	1068	26	0	50	460	0	299	3	1	286	51	1	322	3	342
GTEX-11NSD	2	33	622	15	0	34	337	0	280	5	0	175	59	0	243	3	288
GTEX-14PJM	0	53	777	37	0	57	528	0	347	0	0	313	36	1	310	4	384
GTEX-117XS	0	34	594	19	0	28	371	0	230	0	0	188	35	0	266	2	294
GTEX-1B8KZ	0	65	708	39	0	73	304	0	258	0	0	219	25	0	304	6	298
GTEX-1445S	0	43	786	16	0	66	487	0	259	0	0	286	44	0	309	2	374
GTEX-15SKB	1	36	1192	32	1	29	557	0	470	0	0	333	23	3	390	13	392
GTEX-U8XE	0	54	1012	20	0	47	444	0	293	1	2	278	68	0	250	0	347
GTEX-WY7C	1	46	1083	51	0	46	523	0	450	1	1	384	58	3	391	1	490
GTEX-11ZTT	2	67	833	25	0	81	425	0	285	0	1	236	52	0	245	2	329
GTEX-12KS4	0	64	710	26	0	72	380	0	306	0	0	209	31	0	231	3	288
GTEX-11I78	0	22	584	12	0	21	371	0	247	0	0	176	41	2	192	4	242
GTEX-1GMR8	0	29	780	45	0	31	397	0	319	0	0	239	24	0	338	3	348
GTEX-1GPI6	0	27	471	24	0	23	229	0	169	0	0	147	25	0	158	3	162
GTEX-Z93S	1	30	905	30	0	36	479	0	295	0	0	272	42	0	354	1	363
GTEX-X4EO	1	76	1002	43	0	87	541	0	364	1	0	317	43	0	336	3	389
GTEX-13111	0	23	577	19	0	21	333	0	223	0	0	200	42	0	264	2	299
GTEX-14H4A	0	33	630	14	0	32	325	0	259	2	1	175	40	0	201	2	213
GTEX-139TS	1	42	735	30	0	49	380	0	298	1	0	247	27	0	261	1	231
GTEX-1B8L1	0	24	498	30	0	28	309	0	211	0	0	210	13	0	228	1	238
GTEX-13QJ3	0	128	1430	56	1	133	899	0	607	1	0	467	103	4	581	5	704
GTEX-ZYFD	0	19	244	18	0	28	128	0	117	0	0	94	14	0	76	0	101
GTEX-14JG1	0	50	756	19	0	51	425	0	247	0	0	212	27	0	252	3	274
GTEX-1PIIG	2	44	785	30	0	54	428	0	320	1	1	314	41	2	365	10	356
GTEX-17JCI	0	36	631	32	0	42	363	0	257	0	0	214	42	0	288	4	274
GTEX-11XUK	1	22	504	39	0	21	305	0	278	2	0	179	52	0	234	3	284
GTEX-1JJ6O	0	70	1030	49	0	61	672	0	562	5	0	447	102	5	478	8	608
GTEX-13OVK	1	67	1052	31	0	77	524	0	395	1	0	255	70	0	245	2	365
GTEX-WRHU	2	90	1122	114	0	91	736	0	631	2	0	462	58	0	536	6	608
GTEX-Y8LW	0	26	632	43	0	28	313	0	237	1	0	150	45	1	210	1	232
GTEX-13OVG	2	15	626	39	0	15	366	0	240	3	0	180	45	0	204	0	260
GTEX-12ZZX	0	49	780	53	0	51	531	0	388	1	0	324	52	0	354	5	381
GTEX-OIZF	0	79	1067	18	0	73	508	0	371	2	1	332	58	0	370	4	344
GTEX-1GN2E	0	21	359	28	0	21	159	0	103	0	0	90	10	0	102	3	135
GTEX-14E6E	0	10	646	24	0	18	382	0	258	0	0	219	54	0	236	3	280
GTEX-13D11	1	42	651	41	0	37	377	0	294	1	0	194	32	0	256	1	306
GTEX-ZP4G	1	12	668	44	0	20	294	0	216	0	0	166	47	0	204	0	244
GTEX-ZGAY	1	58	1415	45	0	64	840	0	633	2	0	503	142	3	576	11	698
GTEX-14C39	2	30	548	54	0	34	329	0	237	0	0	186	43	1	180	2	254
GTEX-1B8SF	0	99	1309	59	0	136	800	0	587	4	0	469	39	5	531	6	545
GTEX-17EVP	0	25	692	24	0	34	377	0	297	0	0	271	27	0	264	0	314
GTEX-11P81	0	23	534	13	0	23	246	0	222	0	0	176	26	0	213	1	230
GTEX-12WSF	0	28	425	33	0	31	182	0	165	0	0	103	26	0	124	2	147
GTEX-12584	0	55	646	37	0	65	375	0	302	0	0	190	35	0	238	1	271
GTEX-1CB4I	1	55	848	28	0	60	460	0	344	1	0	264	42	2	276	3	319
GTEX-QESD	0	31	589	16	0	36	345	0	232	3	0	190	37	0	203	0	237
GTEX-1A8G7	0	87	1036	44	0	83	664	0	485	7	1	428	46	1	508	6	534
GTEX-1B932	0	77	1603	42	0	89	856	0	734	6	0	548	110	3	566	6	717
GTEX-1EX96	0	33	381	20	0	21	192	0	130	1	0	104	10	0	124	1	146
GTEX-TKQ2	2	126	1647	47	0	140	686	0	725	3	0	552	69	0	634	16	748
GTEX-RM2N	0	58	764	39	0	52	403	0	441	4	0	323	65	2	345	0	389
GTEX-14DAQ	0	47	909	46	0	67	601	0	459	0	0	375	48	1	403	4	408
GTEX-1S82U	0	128	1583	107	0	102	781	0	576	2	0	650	76	1	472	7	664
GTEX-WFG7	1	11	286	14	0	15	148	0	139	0	0	111	17	0	114	1	146
GTEX-ZEX8	2	71	1088	52	0	74	638	0	470	2	0	391	116	1	429	13	509
GTEX-WFG8	0	48	706	35	0	54	295	0	264	2	0	220	65	1	300	10	363
GTEX-13FHO	0	27	385	29	0	33	222	0	172	2	0	128	20	3	157	4	215
GTEX-146FH	2	17	386	18	0	22	278	0	198	2	0	162	43	2	174	3	213
GTEX-RUSQ	0	6	284	14	0	12	150	0	149	2	0	109	11	0	101	1	110
GTEX-YFC4	0	39	627	31	0	40	309	0	229	0	0	197	27	0	205	1	250
GTEX-1JKYR	0	63	1028	28	0	74	643	0	547	1	0	420	50	0	490	4	560
GTEX-1477Z	0	24	476	16	1	33	187	0	133	1	0	104	21	1	134	0	140
GTEX-1GTWX	1	40	770	28	0	43	414	0	275	0	0	242	53	0	263	4	357
GTEX-17F97	0	44	801	34	0	48	351	0	275	0	0	256	28	2	278	4	295
GTEX-PSDG	1	27	1273	33	0	19	595	0	435	2	0	369	54	6	378	6	470
GTEX-13PVQ	0	22	530	19	0	30	261	0	148	0	0	139	24	0	187	3	210
GTEX-17HHY	0	31	618	36	1	31	390	0	324	0	0	266	36	2	324	3	341
GTEX-13O3P	2	13	407	29	0	11	202	0	191	0	0	119	13	0	145	0	177
GTEX-11GS4	1	38	439	20	0	43	252	0	173	1	0	125	16	0	154	4	156
GTEX-1QP67	0	30	792	22	0	39	330	0	281	0	0	191	28	0	191	5	256
GTEX-1QP28	0	19	569	23	0	19	267	0	207	1	0	189	18	0	165	0	231
GTEX-13OW7	1	68	740	37	2	74	428	0	283	2	0	219	44	0	255	3	355
