individual	chr1:32222630:32224034:cluster41092	chr1:32222630:32228499:cluster41092	chr1:32224475:32226171:cluster41092	chr1:32224475:32228499:cluster41092	chr1:32226283:32228499:cluster41092	chr1:32226320:32226403:cluster41092	chr1:32226320:32228499:cluster41092	chr1:32226530:32228499:cluster41092	chr1:32226530:32228727:cluster41092	chr1:32228609:32228727:cluster41092	chr1:32228816:32229135:cluster41092	chr1:32228816:32230927:cluster41092	chr1:32229208:32230927:cluster41092
GTEX-WYJK	472	4	673	14	9	753	0	779	75	662	947	4	789
GTEX-11P82	574	4	906	3	9	1087	0	1137	0	1370	1288	4	977
GTEX-QEG4	187	0	269	0	1	314	0	315	0	385	314	0	257
GTEX-14JIY	224	2	333	9	2	399	1	461	0	596	482	2	363
GTEX-YEC4	206	3	274	3	2	360	1	395	0	480	385	3	325
GTEX-SUCS	413	4	595	3	3	734	2	722	0	824	698	4	577
GTEX-Y8E4	576	4	780	4	5	934	0	989	0	1218	1083	9	746
GTEX-1KD4Q	270	5	406	9	2	485	2	465	0	523	533	4	411
GTEX-12WSM	178	1	242	4	0	298	0	323	0	395	353	3	268
GTEX-15EO6	475	2	641	8	8	738	3	793	0	951	852	5	632
GTEX-13X6I	260	2	356	2	1	456	0	460	0	550	513	3	422
GTEX-WHPG	392	3	509	4	5	635	2	663	0	803	675	0	604
GTEX-1CAMR	311	1	463	6	0	538	3	524	0	683	642	3	549
GTEX-1AX8Z	490	4	675	8	10	811	0	792	0	929	857	4	615
GTEX-1KXAM	690	7	936	9	14	965	2	1021	0	1318	1179	2	887
GTEX-13PL7	420	7	553	4	0	619	0	718	0	873	715	0	572
GTEX-13OVJ	376	4	600	15	9	671	5	721	0	944	811	3	583
GTEX-13W46	435	8	571	11	1	724	3	707	0	946	820	2	587
GTEX-13OW5	219	2	338	5	0	365	0	439	0	457	419	3	303
GTEX-16MTA	366	4	469	8	0	593	0	656	0	854	730	2	559
GTEX-ZQG8	554	1	703	5	4	788	1	906	0	1153	1012	2	772
GTEX-1K9T9	178	0	281	3	2	284	0	349	0	388	386	0	298
GTEX-1GN1V	285	1	367	2	3	462	0	458	0	533	480	2	412
GTEX-XBED	244	2	344	3	4	452	2	453	0	500	459	2	382
GTEX-14BMV	202	0	317	5	0	356	1	403	0	495	443	1	327
GTEX-XPT6	575	0	766	2	3	845	3	931	0	1171	1027	2	803
GTEX-U4B1	291	2	367	4	3	432	0	493	0	513	455	1	427
GTEX-1F75W	319	3	472	4	3	546	0	548	0	679	629	6	552
GTEX-146FR	439	1	615	4	1	655	3	711	0	896	723	4	537
GTEX-1AX9I	216	2	334	5	1	382	1	424	0	457	408	2	397
GTEX-17F96	811	9	1018	3	0	1169	1	1297	0	1682	1436	6	1044
GTEX-ZVT2	436	4	524	5	3	576	1	677	0	796	694	0	550
GTEX-14JG6	333	4	451	4	2	489	1	535	0	662	540	7	418
GTEX-1RQEC	383	7	555	2	3	544	3	623	0	769	663	2	553
GTEX-Y5V5	525	6	604	11	9	711	0	771	0	995	799	4	621
GTEX-1C64N	554	4	655	9	6	735	4	855	0	1167	994	2	813
GTEX-16YQH	282	1	334	5	4	404	2	410	0	557	541	1	362
GTEX-14PQA	655	7	844	2	8	1011	1	1067	0	1329	1224	0	1020
GTEX-S33H	379	3	517	3	4	613	1	656	0	781	731	3	554
GTEX-P78B	467	1	611	6	3	790	1	773	0	1037	839	0	653
GTEX-13S7M	143	1	205	4	2	219	0	248	0	316	253	2	204
GTEX-1122O	374	6	425	7	2	531	2	583	0	725	538	1	448
GTEX-15SHU	315	2	395	0	2	426	0	533	0	617	514	2	429
GTEX-TMZS	138	0	186	1	1	195	0	234	0	279	227	1	166
GTEX-1LC47	690	8	989	14	12	1093	0	1176	0	1397	1301	0	1079
GTEX-14753	349	1	434	3	7	536	2	543	0	743	618	4	483
GTEX-11DXX	498	0	670	12	6	736	0	835	0	979	796	0	626
GTEX-139T6	374	4	447	11	3	544	0	588	0	704	553	2	469
GTEX-1MJK3	372	0	589	10	3	595	3	664	0	772	734	4	591
GTEX-12ZZZ	185	1	238	3	0	296	0	289	0	383	313	3	251
GTEX-13FTX	300	0	466	6	3	570	0	609	0	662	658	2	506
GTEX-14DAR	305	1	450	4	0	568	2	626	0	757	654	3	496
GTEX-RWS6	257	2	322	6	5	384	0	393	0	437	419	1	372
GTEX-1399R	319	3	449	1	5	574	0	567	0	725	590	3	441
GTEX-15UF7	678	13	901	6	11	972	3	1020	0	1305	1144	1	917
GTEX-13CF2	235	4	315	5	3	341	1	351	0	483	393	1	320
GTEX-13RTK	340	4	393	7	4	506	2	536	0	689	545	1	458
GTEX-1C6VQ	556	2	706	9	5	845	5	865	0	1121	913	3	679
GTEX-1F75B	464	6	528	8	5	672	2	743	0	913	781	2	657
GTEX-1QP6S	283	5	397	1	2	453	0	445	0	550	498	0	456
GTEX-11NUK	271	2	319	6	1	341	0	392	0	522	419	0	316
GTEX-147F4	245	1	337	6	0	399	1	411	0	536	407	1	349
GTEX-13W3W	298	2	386	9	1	502	2	558	0	654	568	2	447
GTEX-1AX9K	273	3	408	1	1	493	1	541	0	595	508	4	448
GTEX-1GZ2Q	242	1	285	2	3	367	3	439	0	458	410	2	360
GTEX-1313W	286	1	394	4	0	513	0	477	0	641	497	1	404
GTEX-1C6WA	303	1	385	0	2	486	2	479	0	615	552	3	408
GTEX-18A7B	458	3	488	4	7	601	1	658	0	839	697	1	546
GTEX-XBEW	649	7	761	8	3	1004	3	1120	0	1256	1087	6	976
GTEX-145LU	275	1	341	6	0	393	1	414	0	587	445	1	343
GTEX-13X6J	299	5	401	6	5	475	0	500	0	576	455	0	376
GTEX-UTHO	355	2	534	9	2	641	1	731	0	857	738	0	606
GTEX-ZDYS	195	0	250	6	2	276	3	297	0	403	350	3	247
GTEX-ZLV1	542	7	727	5	0	891	4	971	0	1115	910	1	711
GTEX-18A6Q	294	2	437	7	2	490	3	482	0	573	520	4	418
GTEX-13FTZ	220	0	331	8	2	367	1	407	0	512	433	1	320
GTEX-17EUY	392	2	525	7	0	672	0	697	0	835	710	6	640
GTEX-1LGOU	383	2	510	4	7	549	0	623	0	702	672	2	571
GTEX-16NPX	319	4	369	1	3	467	0	525	0	663	530	2	462
GTEX-15ETS	583	5	765	8	4	848	3	822	0	975	948	5	801
GTEX-1212Z	389	3	524	4	5	588	1	683	0	775	754	1	543
GTEX-TSE9	358	2	432	5	2	579	1	552	0	691	571	2	420
GTEX-W5WG	348	2	510	4	2	604	0	620	0	814	729	3	523
GTEX-1N2DW	339	1	472	2	5	567	2	566	0	686	648	0	448
GTEX-1C2JI	380	7	472	6	5	550	4	600	0	692	610	1	476
GTEX-1K2DA	872	11	1128	12	4	1308	7	1417	0	1694	1628	5	1371
GTEX-18D9A	515	5	666	14	7	761	4	814	0	992	911	5	675
GTEX-1LH75	294	3	445	5	6	470	3	452	0	585	573	0	441
GTEX-U8T8	320	1	404	11	5	459	0	546	0	675	573	0	509
GTEX-T5JC	294	1	406	5	5	523	0	569	0	708	634	3	499
GTEX-ZF2S	448	0	519	6	1	654	1	679	0	874	771	3	559
GTEX-ZV6S	552	4	678	6	2	817	5	925	0	1095	983	6	748
GTEX-14BMU	420	4	500	7	2	659	0	728	0	838	693	4	519
GTEX-1399T	209	2	261	0	3	354	0	361	0	432	355	1	282
GTEX-1B97J	678	13	794	11	7	962	4	1060	0	1279	1077	4	855
GTEX-131XF	308	1	448	6	2	521	0	536	0	672	601	0	538
GTEX-1F75A	387	0	463	4	1	578	1	620	0	732	665	2	600
GTEX-14LZ3	351	3	490	4	1	586	2	668	0	769	636	1	564
GTEX-139UW	303	0	426	7	5	519	2	553	0	745	576	1	477
GTEX-13N2G	617	5	762	5	3	842	4	917	0	1161	895	1	750
GTEX-146FQ	538	4	713	5	3	811	3	940	0	1209	905	4	747
GTEX-13U4I	359	0	446	8	2	585	1	642	0	731	637	4	500
GTEX-ZDTS	224	3	275	5	2	348	2	357	0	417	325	0	279
GTEX-1B97I	426	3	545	7	3	610	1	611	0	721	608	1	522
GTEX-1A3MX	462	5	619	7	10	690	6	744	0	863	767	5	624
GTEX-XOT4	297	3	397	4	0	524	0	523	0	593	561	4	444
GTEX-11GSO	230	0	323	5	4	386	0	405	0	499	405	2	332
GTEX-WRHK	525	5	707	14	8	862	6	839	0	1026	907	1	753
GTEX-13FTW	278	5	365	4	5	440	0	459	0	637	492	2	367
GTEX-11ZVC	410	2	523	5	5	575	4	642	0	743	628	0	463
GTEX-1339X	533	5	692	11	6	800	3	903	0	1252	946	5	721
GTEX-13RTL	413	5	463	10	1	523	1	607	0	771	600	0	521
GTEX-15G1A	747	10	955	26	5	1003	9	1133	0	1468	1286	7	1019
GTEX-ZZ64	343	3	419	6	1	508	2	514	0	736	581	1	451
GTEX-17HGU	179	0	274	5	3	317	0	306	0	366	332	2	303
GTEX-1C6VR	220	0	338	2	1	377	3	376	0	487	381	0	331
GTEX-1R46S	401	3	558	9	4	563	3	653	0	797	758	3	591
GTEX-ZV68	396	1	485	4	2	572	2	608	0	833	619	2	491
GTEX-ZF3C	416	5	538	9	5	668	2	684	0	922	761	4	620
GTEX-PWCY	432	3	522	12	4	673	2	741	0	927	744	2	595
GTEX-Y111	230	0	401	4	3	447	2	428	0	538	491	4	375
GTEX-14BIL	393	2	602	5	4	666	3	724	0	931	696	3	527
GTEX-1GMRU	333	4	397	4	0	497	1	536	0	584	500	1	410
GTEX-1A3MW	397	5	578	6	8	688	0	668	0	769	691	3	603
GTEX-YEC3	423	3	527	11	4	637	3	734	0	929	746	7	539
GTEX-1269C	246	1	324	0	0	414	0	408	0	527	439	0	327
GTEX-1AMFI	380	2	436	9	0	570	2	603	0	703	606	3	484
GTEX-11ZU8	355	2	511	3	4	618	2	690	0	844	735	3	556
GTEX-1LVA9	284	4	411	7	1	488	1	502	0	567	489	1	447
GTEX-1MUQO	512	4	689	7	4	756	0	781	0	858	868	3	696
GTEX-1RAZA	470	3	613	9	2	729	4	717	0	869	765	2	603
GTEX-13OVH	427	8	615	8	6	675	0	758	0	941	826	4	623
GTEX-U3ZN	1016	8	1538	15	26	1886	4	1976	0	2343	1953	4	1723
GTEX-13N1W	269	2	367	5	1	391	1	462	0	557	471	3	348
GTEX-117YW	259	2	321	2	5	450	2	444	0	556	521	0	407
GTEX-16MT8	637	4	916	7	7	1069	0	998	0	1243	1147	5	893
GTEX-111VG	264	3	371	2	5	396	0	468	0	596	496	0	375
GTEX-1F6IF	311	1	378	7	4	467	4	499	0	607	544	4	483
GTEX-Q2AG	58	0	95	1	0	111	0	132	0	157	135	0	104
GTEX-1AX9J	252	1	344	8	6	427	0	455	0	568	522	2	460
GTEX-1R9K4	392	5	559	4	2	662	2	665	0	893	809	5	703
GTEX-YJ8O	180	0	182	3	1	246	0	271	0	351	309	0	221
GTEX-1QEPI	369	7	534	9	1	602	5	628	0	813	752	1	616
GTEX-15CHQ	330	4	437	3	2	515	4	546	0	660	547	2	428
GTEX-11EI6	335	1	428	2	3	519	0	560	0	668	587	1	414
GTEX-17KNJ	235	0	322	1	1	419	0	465	0	581	479	0	390
GTEX-QDT8	580	4	656	6	5	797	4	884	0	995	891	3	760
GTEX-1A8FM	358	1	430	8	5	470	3	563	0	709	607	1	478
GTEX-XPVG	491	3	561	6	5	655	0	730	0	991	849	0	666
GTEX-ZT9X	431	5	506	3	4	607	0	646	0	800	679	0	509
GTEX-P4PQ	763	5	897	5	11	1121	3	1215	0	1398	1195	2	926
GTEX-11LCK	214	0	283	4	4	344	0	366	0	438	420	1	355
GTEX-RTLS	285	1	453	2	2	545	0	571	0	651	598	1	437
GTEX-15CHC	226	4	369	5	2	429	0	442	0	592	522	2	436
GTEX-13O21	302	6	428	12	3	497	3	510	0	672	578	0	404
GTEX-13PVR	247	5	416	2	2	466	0	473	0	565	513	1	401
GTEX-ZTPG	414	3	566	3	7	631	2	750	0	866	757	3	622
GTEX-1399U	272	4	404	10	6	443	2	479	0	639	532	3	405
GTEX-YB5K	228	4	310	4	4	375	2	411	0	533	424	3	300
GTEX-QDVN	421	4	586	6	4	767	0	810	0	881	754	2	622
GTEX-1PDJ9	514	2	654	8	4	738	3	828	0	948	904	1	778
GTEX-13SLW	217	0	299	5	4	371	3	405	0	510	423	4	375
GTEX-16GPK	235	4	279	6	6	324	0	375	0	412	360	2	289
GTEX-1PIEJ	473	6	632	16	7	754	7	755	0	927	852	4	700
GTEX-18A7A	299	2	442	4	0	472	0	476	0	605	541	1	402
GTEX-1GZ4I	471	4	567	3	6	708	1	725	0	923	788	0	677
GTEX-1PBJJ	399	5	577	9	4	672	2	734	0	826	859	3	616
GTEX-1QP2A	310	3	464	6	0	507	2	580	0	643	630	3	456
GTEX-16XZY	225	3	340	3	0	362	4	401	0	470	403	3	367
GTEX-13X6H	686	9	819	17	12	1035	2	1061	0	1415	1092	1	865
GTEX-OIZG	436	0	477	2	2	584	1	639	0	837	700	2	522
GTEX-12WSJ	436	7	579	4	7	730	2	801	0	993	789	2	571
GTEX-N7MS	199	2	264	2	3	302	0	375	0	480	348	0	312
GTEX-1A3MV	528	4	746	10	3	799	0	839	0	996	929	3	789
GTEX-1IDJE	483	7	568	3	1	710	5	774	0	930	792	6	712
GTEX-133LE	310	2	418	6	6	533	3	528	0	725	542	3	437
GTEX-16XZZ	632	2	784	7	9	969	2	1041	0	1295	1119	1	983
GTEX-14PII	241	2	350	6	1	422	0	445	0	524	456	0	359
GTEX-13OW6	197	3	287	3	0	325	0	331	0	446	345	0	249
GTEX-17HHE	269	3	304	4	2	370	1	387	0	444	382	1	325
GTEX-WOFM	693	10	836	15	6	989	9	1117	0	1296	1185	2	1010
GTEX-1LG7Z	486	2	625	8	7	747	4	722	0	896	839	4	773
GTEX-1C4CL	363	2	454	11	3	621	0	586	0	809	603	3	547
GTEX-1A8G6	310	2	404	3	0	514	0	532	0	629	581	0	465
GTEX-WFON	431	6	617	5	0	714	2	703	0	874	808	4	610
GTEX-13VXU	329	2	410	2	4	471	0	526	0	718	601	0	417
GTEX-14PJ2	284	4	406	5	4	478	1	501	0	685	535	6	422
GTEX-RN64	238	0	332	1	1	425	1	401	0	493	410	1	337
GTEX-1QP66	739	9	994	12	7	1155	4	1330	0	1457	1418	3	1118
GTEX-1GZHY	230	1	305	0	1	383	0	401	0	451	411	0	334
GTEX-147JS	212	2	298	3	1	372	0	372	0	443	351	0	279
GTEX-15SB6	406	3	550	4	3	588	1	656	0	755	674	0	496
GTEX-QCQG	414	5	523	14	4	609	1	628	0	744	670	3	552
GTEX-144GL	253	0	334	5	1	414	0	469	0	531	406	0	358
GTEX-14PJ6	344	4	516	3	0	545	0	572	0	682	602	2	488
GTEX-1MCQQ	271	3	426	1	4	458	0	534	0	572	531	0	457
GTEX-1GF9U	274	3	332	6	1	391	1	470	0	560	472	1	420
GTEX-OXRL	272	2	424	7	6	495	0	521	0	647	474	1	429
GTEX-11NSD	276	3	291	6	4	370	0	409	0	530	427	3	320
GTEX-14PJM	226	5	329	1	3	356	1	381	0	477	378	3	292
GTEX-117XS	258	1	305	3	1	375	1	413	0	522	421	0	330
GTEX-15SKB	535	0	784	5	4	928	1	978	0	1111	1073	2	885
GTEX-WY7C	442	8	686	2	5	772	4	835	0	984	961	3	759
GTEX-VUSG	352	1	514	7	5	584	3	644	0	767	673	0	542
GTEX-13QIC	190	1	249	1	3	330	0	358	0	392	344	3	271
GTEX-12KS4	366	2	505	5	0	542	3	576	0	672	615	1	492
GTEX-1GMR8	443	2	534	5	1	621	0	728	0	829	691	3	574
GTEX-1GPI6	248	1	345	3	6	372	1	422	0	508	444	0	398
GTEX-1GN1U	232	3	330	5	3	433	0	435	0	473	438	2	374
GTEX-X4EO	431	4	479	14	4	675	0	708	0	833	697	3	583
GTEX-14H4A	290	0	342	0	2	412	0	437	0	576	494	0	429
GTEX-1CAMQ	277	0	363	3	0	425	2	490	0	639	496	3	430
GTEX-144FL	460	2	579	3	5	709	2	831	0	986	778	3	644
GTEX-1PIIG	262	1	399	6	2	422	2	431	0	492	475	0	403
GTEX-ZVE1	335	6	460	4	5	592	0	588	0	784	708	1	597
GTEX-11XUK	211	3	264	4	4	297	4	360	0	418	346	1	277
GTEX-13OVK	256	5	359	5	5	409	2	429	0	522	487	0	371
GTEX-WRHU	344	3	428	2	6	537	4	587	0	733	603	4	508
GTEX-Y8LW	248	3	325	6	6	382	3	415	0	498	480	2	347
GTEX-13OVG	444	4	557	14	7	758	1	860	0	1006	835	5	647
GTEX-1GN2E	189	0	274	3	0	313	0	301	0	398	362	0	276
GTEX-1JMQK	301	3	435	9	6	558	0	525	0	646	553	2	486
GTEX-ZP4G	367	3	507	10	3	578	0	586	0	719	621	6	557
GTEX-15DZA	577	5	841	6	5	836	3	906	0	1194	1032	0	785
GTEX-1B8SF	294	2	388	5	1	446	0	457	0	573	504	0	382
GTEX-11P81	226	0	297	3	1	353	1	412	0	487	426	0	344
GTEX-1F48J	540	5	605	10	2	761	0	796	0	932	795	0	615
GTEX-12584	406	0	480	3	3	597	1	595	0	754	634	3	478
GTEX-1CB4I	365	3	474	3	0	656	0	619	0	801	661	1	572
GTEX-15DCD	640	11	707	10	5	851	2	908	0	1236	1009	4	796
GTEX-11O72	484	4	509	4	3	645	3	691	0	922	720	1	591
GTEX-1A8G7	241	2	321	3	0	414	0	463	0	501	490	0	364
GTEX-1B932	330	4	486	3	3	589	1	616	0	758	689	1	501
GTEX-QDVJ	296	2	370	5	1	514	4	490	0	617	548	2	458
GTEX-ZEX8	678	14	974	13	7	1095	3	1152	0	1320	1264	3	971
GTEX-1GF9V	268	0	347	4	0	403	1	439	0	544	467	0	373
GTEX-1RAZQ	546	7	720	14	1	826	0	812	0	1025	1021	3	785
GTEX-12WSN	334	1	397	3	5	524	0	540	0	674	528	2	421
GTEX-U3ZH	423	6	597	4	3	694	4	731	0	849	780	5	656
GTEX-1477Z	279	6	417	2	4	531	3	504	0	628	550	0	453
GTEX-17F98	296	2	379	7	1	448	1	466	0	529	520	1	432
GTEX-Y5V6	313	2	416	5	7	528	0	559	0	726	548	0	469
GTEX-111CU	411	1	512	4	2	596	0	664	0	766	596	2	512
GTEX-PW2O	82	0	111	1	0	147	0	163	0	212	172	0	120
GTEX-17F97	450	1	572	3	1	647	0	639	0	850	742	2	578
GTEX-PSDG	364	4	503	7	2	609	3	638	0	798	693	1	575
GTEX-ZVE2	315	3	504	10	3	562	0	570	0	695	608	6	524
GTEX-OXRN	589	6	603	6	3	858	1	944	0	1082	985	2	788
GTEX-13OW7	295	1	404	5	2	477	2	559	0	637	495	0	377
